# Exported from Wings 3D 1.5.4
mtllib prop_m_avionics_s0_1.mtl
o mesh1
#32 vertices, 19 faces
v -8.7500000e-2 -3.7500000e-2 -0.12500000
v -8.7500000e-2 -3.7500000e-2 0.12500000
v -8.7500000e-2 3.7500000e-2 -0.12500000
v -8.7500000e-2 3.7500000e-2 0.12500000
v 8.7500000e-2 -3.7500000e-2 -0.12500000
v 8.7500000e-2 -3.7500000e-2 0.12500000
v 8.7500000e-2 3.7500000e-2 -0.12500000
v 8.7500000e-2 3.7500000e-2 0.12500000
v -2.5000000e-2 3.7500000e-2 -2.5000000e-2
v -1.2500000e-2 3.7500000e-2 -3.7500000e-2
v -2.5000000e-2 3.7500000e-2 2.5000000e-2
v -1.2500000e-2 3.7500000e-2 3.7500000e-2
v -2.5000000e-2 8.7500000e-2 -2.5000000e-2
v -1.2500000e-2 8.7500000e-2 -3.7500000e-2
v -2.5000000e-2 8.7500000e-2 2.5000000e-2
v -1.2500000e-2 8.7500000e-2 3.7500000e-2
v 1.2500000e-2 3.7500000e-2 -3.7500000e-2
v 2.5000000e-2 3.7500000e-2 -2.5000000e-2
v 2.5000000e-2 3.7500000e-2 2.5000000e-2
v 1.2500000e-2 3.7500000e-2 3.7500000e-2
v 1.2500000e-2 8.7500000e-2 -3.7500000e-2
v 2.5000000e-2 8.7500000e-2 -2.5000000e-2
v 2.5000000e-2 8.7500000e-2 2.5000000e-2
v 1.2500000e-2 8.7500000e-2 3.7500000e-2
v -2.0959709e-2 3.7500000e-2 3.3459709e-2
v 2.0959709e-2 3.7500000e-2 3.3459709e-2
v -2.0959709e-2 3.7500000e-2 -3.3459709e-2
v -2.0959709e-2 8.7500000e-2 3.3459709e-2
v 2.0959709e-2 8.7500000e-2 -3.3459709e-2
v -2.0959709e-2 8.7500000e-2 -3.3459709e-2
v 2.0959709e-2 3.7500000e-2 -3.3459709e-2
v 2.0959709e-2 8.7500000e-2 3.3459709e-2
vn -0.97528686 0.0000000e+0 -0.22094238
vn -0.22094238 0.0000000e+0 -0.97528686
vn -0.97528686 0.0000000e+0 0.22094238
vn -0.22094238 0.0000000e+0 0.97528686
vn 0.22094238 0.0000000e+0 -0.97528686
vn 0.97528686 0.0000000e+0 -0.22094238
vn 0.97528686 0.0000000e+0 0.22094238
vn 0.22094238 0.0000000e+0 0.97528686
vn -0.70710678 0.0000000e+0 0.70710678
vn 0.70710678 0.0000000e+0 0.70710678
vn -0.70710678 0.0000000e+0 -0.70710678
vn 0.70710678 0.0000000e+0 -0.70710678
vn 0.0000000e+0 -1.00000000 0.0000000e+0
vn 0.0000000e+0 0.0000000e+0 -1.00000000
vn -1.00000000 0.0000000e+0 0.0000000e+0
vn 0.0000000e+0 -1.00000000 0.0000000e+0
vn 0.0000000e+0 0.0000000e+0 1.00000000
vn -1.00000000 0.0000000e+0 0.0000000e+0
vn 0.0000000e+0 1.00000000 0.0000000e+0
vn 0.0000000e+0 0.0000000e+0 -1.00000000
vn -1.00000000 0.0000000e+0 0.0000000e+0
vn 0.0000000e+0 1.00000000 0.0000000e+0
vn 0.0000000e+0 0.0000000e+0 1.00000000
vn -1.00000000 0.0000000e+0 0.0000000e+0
vn 0.0000000e+0 -1.00000000 0.0000000e+0
vn 0.0000000e+0 0.0000000e+0 -1.00000000
vn 1.00000000 0.0000000e+0 0.0000000e+0
vn 0.0000000e+0 -1.00000000 0.0000000e+0
vn 0.0000000e+0 0.0000000e+0 1.00000000
vn 1.00000000 0.0000000e+0 0.0000000e+0
vn 0.0000000e+0 1.00000000 0.0000000e+0
vn 0.0000000e+0 0.0000000e+0 -1.00000000
vn 1.00000000 0.0000000e+0 0.0000000e+0
vn 0.0000000e+0 1.00000000 0.0000000e+0
vn 0.0000000e+0 0.0000000e+0 1.00000000
vn 1.00000000 0.0000000e+0 0.0000000e+0
vn -0.97528686 0.0000000e+0 -0.22094238
vn -0.97528686 0.0000000e+0 -0.22094238
vn 0.0000000e+0 1.00000000 -3.0558248e-17
vn -0.22094238 0.0000000e+0 -0.97528686
vn -0.22094238 0.0000000e+0 -0.97528686
vn 0.0000000e+0 1.00000000 -3.0558248e-17
vn -0.97528686 0.0000000e+0 0.22094238
vn -0.97528686 0.0000000e+0 0.22094238
vn 0.0000000e+0 1.00000000 -3.0558248e-17
vn -0.22094238 0.0000000e+0 0.97528686
vn -0.22094238 0.0000000e+0 0.97528686
vn 0.0000000e+0 1.00000000 -3.0558248e-17
vn 0.22094238 0.0000000e+0 -0.97528686
vn 0.22094238 0.0000000e+0 -0.97528686
vn 0.0000000e+0 1.00000000 -3.0558248e-17
vn 0.97528686 0.0000000e+0 -0.22094238
vn 0.97528686 0.0000000e+0 -0.22094238
vn 0.0000000e+0 1.00000000 -3.0558248e-17
vn 0.97528686 0.0000000e+0 0.22094238
vn 0.97528686 0.0000000e+0 0.22094238
vn 0.0000000e+0 1.00000000 -3.0558248e-17
vn 0.22094238 0.0000000e+0 0.97528686
vn 0.22094238 0.0000000e+0 0.97528686
vn 0.0000000e+0 1.00000000 -3.0558248e-17
vn -0.70710678 0.0000000e+0 0.70710678
vn -0.70710678 0.0000000e+0 0.70710678
vn 0.0000000e+0 1.00000000 -3.0558248e-17
vn 0.70710678 0.0000000e+0 -0.70710678
vn 0.70710678 0.0000000e+0 -0.70710678
vn 0.0000000e+0 1.00000000 -3.0558248e-17
vn -0.70710678 0.0000000e+0 -0.70710678
vn -0.70710678 0.0000000e+0 -0.70710678
vn 0.0000000e+0 1.00000000 -3.0558248e-17
vn 0.70710678 0.0000000e+0 0.70710678
vn 0.70710678 0.0000000e+0 0.70710678
vn 0.0000000e+0 1.00000000 -3.0558248e-17
g mesh1
usemtl default
s 1
f 2//18 4//24 3//21 1//15
f 5//27 7//33 8//36 6//30
f 15//45 28//63 16//48 24//60 32//72 23//57 22//54 29//66 21//51 14//42 30//69 13//39
s 2
f 1//13 5//25 6//28 2//16
f 4//22 8//34 7//31 3//19
f 10//2 14//40 21//49 17//5
f 11//3 15//43 13//37 9//1
f 11//3 25//9 28//61 15//44
f 18//6 22//52 23//55 19//7
f 20//8 24//58 16//46 12//4
f 20//8 26//10 32//70 24//59
f 23//56 32//71 26//10 19//7
f 27//11 30//67 14//41 10//2
f 28//62 25//9 12//4 16//47
f 29//65 31//12 17//5 21//50
f 30//68 27//11 9//1 13//38
f 31//12 29//64 22//53 18//6
s 3
f 2//17 6//29 8//35 4//23
f 3//20 7//32 5//26 1//14
